2;2;
19;
6;5;5;9;
3;3;
1;
1;1;
1;
19;
5;19;
6;5;5;9;
1;1;
2;2;2;1;
14;
5;5;9;6;
0;
5;
1;1;1;1;
1;
6;4;
5;4;3;4;
1;5;5;7;
1;3;1;1;1;1;1;1;1;1;1;2;1;1;1;1;1;1;2;2;1;
20;22;21;
3;
14;
5;5;
5;5;
1;
2;
1;
196;
2;
3;
4;
4;
10;
4;
9;
13;8;4;6;
1;3;1;1;2;
9;4;4;
4;
19;
4;
4;
1;
5;7;4;1;3;
7;3;4;
5;7;
5;1;1;4;1;2;
20;22;21;
2;
2;2;3;2;3;
2;2;2;2;3;2;
10;
4;1;1;1;
4;1;1;1;1;
4;2;
10;
11;5;6;
1;1;1;2;1;2;20;1;
4;4;
6;
7;3;
5;2;2;2;
3;1;1;2;
5;9;5;5;5;5;6;
4;6;11;8;13;
12;
5;
8;1;6;6;7;2;
2;1;1;1;1;
9;
4;
21;22;20;
3;3;3;
5;
8;3;1;
1;1;2;3;1;
4;3;
1;1;1;5;1;1;
3;1;
2;1;2;1;
4;1;
3;5;2;2;5;2;2;
5;11;11;2;2;
7;3;
5;2;
11;8;1;
10;
10;
11;5;6;
9;
9;4;4;1;
20;22;21;
13;8;5;
3;3;
4;
3;3;12;18;
1;1;3;2;1;
5;
2;1;1;2;1;1;1;1;1;1;1;1;
11;
4;
5;4;3;
5;5;5;
3;1;1;1;1;1;2;
22;20;21;
10;
11;11;
196;
19;
5;3;5;4;5;
5;
3;
6;
5;
3;
1;
3;6;
5;
4;1;4;7;2;
3;4;4;5;1;4;3;1;1;1;1;1;1;1;1;4;
4;
3;3;3;
4;
4;
3;
2;2;2;
1;
4;
1;1;
11;8;
1;
3;
22;5;
2;3;3;1;2;2;
4;4;
7;
1;
1;
13;
1;2;
196;
13;8;6;11;4;
1;
1;1;
5;19;
1;3;2;1;
22;
2;
7;6;6;8;
6;6;
9;
4;4;
4;3;
2;
3;1;
2;1;1;
4;
20;22;21;
3;3;3;3;
6;6;
1;2;
1;
3;1;
4;
4;12;
12;9;
196;
5;
2;
12;
4;5;
2;
5;4;
3;
2;2;11;11;
2;
1;1;
11;8;
4;
1;2;1;
1;
13;8;5;
9;
2;1;
18;1;1;1;
11;
196;
3;
196;
4;
8;
4;
5;5;5;
11;11;
4;17;
1;
10;
4;
1;20;21;22;
1;
4;
1;
5;19;
22;20;21;
196;
22;
3;
4;
1;
6;1;
196;
9;5;5;6;
6;4;4;
12;
5;5;
1;2;1;
3;
2;
1;
1;1;1;1;1;
1;
1;1;5;1;5;
2;
14;
7;6;6;8;2;
6;6;
4;
4;
1;
4;1;
1;
18;12;3;
196;
3;4;
1;2;
13;
10;
2;1;4;7;
3;2;
3;3;3;
1;
9;
2;
196;
2;3;
4;7;
3;
1;2;
196;
4;3;2;
21;22;20;
1;1;
6;
14;
2;
5;2;
2;
196;
4;
17;5;
5;19;
5;
4;
22;20;21;
4;
3;2;
5;
10;
5;
1;1;1;
5;4;4;
6;6;
1;
1;
2;
22;5;
5;5;5;5;11;
2;
1;
3;
3;1;3;1;
4;4;
12;9;
6;6;
5;
7;5;
3;
10;
2;
6;
2;2;
19;
196;
1;1;
3;
9;
3;2;
22;
1;1;
4;
2;2;
3;
14;
2;
2;
3;
5;
5;5;
4;3;
1;
1;1;
5;
1;
3;
4;
2;2;
1;1;
9;
7;6;6;8;2;
5;5;9;6;
2;
4;12;
1;1;1;
4;
196;
13;
1;
7;6;
3;4;
5;19;
2;2;1;1;
2;
11;11;2;2;
4;17;
21;20;22;
18;3;12;3;
7;6;6;8;
11;8;
20;
4;
3;
34;
11;11;
5;
2;1;1;1;
5;5;
1;
4;
5;
9;
4;
4;
1;1;1;
11;
3;3;3;
1;
5;
22;5;
1;2;
2;2;
2;
28;
34;
2;
5;
9;4;4;1;
1;1;1;
196;
2;
12;
5;5;
4;5;
1;1;1;
1;2;1;
4;
1;
13;8;11;6;
20;22;21;
34;
3;
5;5;
11;
12;9;
5;5;5;
1;
5;5;5;
1;
2;
28;
8;1;
8;
5;
5;
3;
196;
5;5;9;6;
11;
5;4;4;
6;
34;
5;
3;
3;
11;8;1;
19;
5;5;2;3;2;
196;
9;4;4;
1;
34;
2;
3;3;
6;4;4;
4;
4;3;
1;
5;
9;
5;
2;
7;
11;11;
6;
13;8;11;6;
5;11;11;
5;
11;
5;5;
17;5;
1;1;
34;
2;
11;
3;
2;
6;6;2;4;4;6;
11;11;5;
5;5;
1;
1;
5;
4;5;
3;
18;
3;
2;
0;
28;
5;11;11;
1;
1;
11;
7;
6;6;
7;4;4;
1;
17;5;
2;1;
8;10;
4;6;
6;4;
1;1;
2;
11;
3;
2;
4;5;
3;3;
2;
196;
4;
4;
4;
1;1;
11;11;5;
1;1;1;
1;1;
1;1;1;
4;
22;5;
6;7;
4;
196;
196;
0;
3;6;
196;
4;
8;6;
5;
1;2;3;2;
12;
3;
2;2;
1;
4;4;
3;1;12;18;3;
8;6;
1;
2;1;
6;
1;1;2;1;1;
196;
4;3;
1;1;
196;
2;3;
2;4;6;6;6;4;
2;2;
1;
1;1;
196;
10;
12;
4;
4;4;
12;
4;
11;11;
19;
1;1;1;
3;
4;4;
2;
2;2;
4;
1;
2;
7;4;4;2;
1;
196;
196;
196;
196;
196;
4;17;
196;
5;5;
1;
6;
3;
5;5;
196;
1;5;
2;3;
19;
10;
4;4;
5;4;3;
12;18;3;
11;
5;3;
11;11;5;
9;
13;1;1;2;
6;
22;5;
1;1;
5;
8;
14;
2;2;2;5;
9;4;4;
1;
0;
0;
0;
1;
6;4;
0;
0;
2;
21;
14;
19;
4;
4;
4;
4;
4;
1;
14;
5;
2;
12;
5;
5;5;
1;1;
4;4;
3;
10;
2;
3;1;
18;
1;
1;1;
2;
1;
21;
10;
1;1;
2;
5;
17;5;
0;
0;
11;5;6;
11;
5;
14;
4;2;
4;1;
196;
1;2;1;1;3;
3;2;2;
6;6;
2;2;2;
3;
1;5;
2;
5;19;
10;
8;4;4;
14;
7;
3;3;3;2;1;
1;
1;
1;
5;12;
196;
12;
4;
1;
1;1;
2;
1;1;
1;1;1;1;1;
2;5;5;2;
20;21;22;
1;1;1;1;
5;
8;
3;3;3;2;3;2;2;2;
4;
17;5;
1;
1;
5;
1;
1;1;1;1;
1;
13;2;1;
5;5;5;
1;
13;5;
3;3;
2;3;
28;
5;
34;
21;
4;
18;3;
1;
7;
4;5;
3;3;
6;7;
0;
1;1;2;4;1;1;1;1;2;2;5;2;1;
196;
196;
196;
196;
196;
196;
1;1;1;1;1;2;1;1;1;1;1;1;
13;
13;
12;12;
11;5;6;
3;3;2;3;
196;
196;
2;3;2;2;7;
4;
11;6;5;
7;
19;
3;3;3;
5;
10;
2;2;2;
2;
11;5;6;
1;4;1;1;2;
196;
14;
2;1;1;1;
4;2;
196;
196;
2;2;1;
10;
196;
1;1;1;1;
10;
4;
5;
13;
14;
12;
5;11;5;5;5;
22;
196;
11;6;
12;12;
5;
1;1;
2;2;
196;
10;
3;
17;3;
12;
196;
3;
2;
5;
196;
2;
1;
10;
2;20;
5;
196;
1;
4;
2;
14;
1;
5;
1;
4;
1;1;1;
5;
1;
3;
196;
7;3;
6;
196;
3;3;5;3;3;
196;
2;2;2;1;1;
5;
10;
19;
7;
3;3;3;
5;1;
21;22;20;
2;8;7;5;2;
13;
19;
2;
19;
9;9;
2;
5;
4;
1;
5;
196;
2;
196;
196;
1;
196;
7;3;
196;
13;8;4;6;
5;1;1;1;1;
12;9;
10;
1;
2;
196;
3;6;
2;
2;1;
5;
2;2;5;5;
4;4;
13;
10;
4;
196;
1;
3;3;3;
8;10;7;
7;
17;3;
22;
3;
5;3;2;
4;
1;
5;12;
7;
4;
4;
4;
196;
196;
4;
12;
1;
5;1;1;
4;
10;
3;
3;
20;22;21;
1;
1;2;
1;1;1;
3;2;
4;
196;
11;6;
1;3;
10;
4;
5;
3;
5;2;2;2;
196;
4;
7;
10;
10;
4;
2;
4;
3;1;
13;
10;
196;
3;8;
4;1;2;
4;
13;8;4;6;
1;
4;
12;
1;
1;1;
3;
196;
10;
10;
196;
1;
7;6;6;8;1;
4;
5;5;
3;
4;
2;3;2;
6;6;
4;
196;
4;
13;8;5;
10;
2;1;3;1;5;
1;
196;
1;
1;2;
12;
196;
3;17;
3;2;
196;
12;
3;
4;
3;
4;5;
2;
1;
2;1;
4;
8;
3;
5;
5;
2;
1;1;
10;
8;
18;
3;
2;
3;
13;
3;3;3;
5;5;2;3;2;
22;
1;
4;
5;
4;
4;
5;
4;
5;
3;
8;
4;
3;3;
4;
4;
4;
2;4;
22;5;
5;
4;
4;
5;
5;
196;
17;3;
28;
5;12;
5;
4;
1;1;
1;
1;
5;17;
4;
2;
1;2;3;
5;
4;5;
12;
4;
3;
5;17;
5;17;
8;10;7;
5;
5;12;
5;
2;
5;5;5;
3;
7;6;6;8;
3;
4;
4;
17;5;
17;5;
3;3;
4;17;
4;17;
8;6;
5;5;
4;
5;17;
5;3;1;
1;
6;4;
4;
3;
2;2;
4;
4;
9;9;
4;
0;
18;12;3;
2;2;
2;2;
12;9;
196;
6;7;
5;5;
4;
2;
3;3;
7;4;4;
18;1;