94;
0;
0;
92;
96;
98;
95;
98;
0;
95;
98;
0;
0;
92;
0;
0;
94;
91;
93;
0;
0;
0;
0;
99;
94;
94;
96;
94;
96;
96;
94;
97;
0;
90;
93;
95;
0;
0;
87;
88;
94;
0;
98;
98;
91;
95;
0;
0;
0;
0;
0;
96;
0;
0;
0;
0;
0;
0;
0;
97;
0;
0;
0;
96;
0;
0;
0;
0;
0;
0;
0;
0;
0;
0;
0;
0;
91;
0;
0;
0;
0;
0;
0;
0;
0;
0;
92;
0;
0;
95;
0;
94;
0;
0;
96;
0;
0;
0;
0;
0;
92;
0;
0;
0;
97;
0;
0;
94;
97;
0;
0;
97;
0;
0;
98;
0;
97;
0;
94;
0;
94;
0;
93;
0;
94;
0;
94;
0;
89;
98;
94;
91;
96;
91;
93;
0;
0;
0;
85;
99;
92;
93;
96;
91;
92;
0;
96;
98;
0;
0;
92;
90;
93;
96;
92;
97;
94;
0;
0;
89;
90;
0;
0;
95;
98;
94;
0;
0;
96;
0;
0;
97;
97;
95;
96;
0;
97;
95;
91;
96;
92;
0;
90;
92;
86;
96;
0;
94;
94;
94;
0;
94;
0;
0;
0;
97;
96;
0;
97;
0;
93;
96;
97;
0;
96;
98;
94;
84;
96;
97;
0;
90;
0;
0;
92;
0;
98;
0;
86;
97;
87;
0;
93;
90;
0;
0;
91;
89;
94;
0;
0;
88;
96;
92;
97;
0;
0;
92;
93;
93;
94;
0;
0;
99;
96;
0;
90;
88;
0;
0;
88;
90;
83;
92;
84;
93;
0;
89;
0;
97;
95;
94;
0;
98;
0;
0;
92;
0;
0;
0;
0;
99;
98;
0;
94;
98;
88;
0;
94;
91;
93;
0;
96;
0;
0;
89;
91;
0;
0;
0;
0;
99;
0;
0;
98;
0;
0;
95;
95;
88;
0;
86;
90;
92;
98;
0;
99;
0;
85;
0;
90;
0;
98;
97;
0;
0;
95;
99;
94;
0;
89;
88;
92;
92;
0;
76;
89;
90;
87;
0;
94;
98;
98;
78;
0;
95;
0;
93;
96;
89;
0;
90;
0;
96;
0;
95;
94;
84;
97;
96;
90;
98;
92;
0;
94;
0;
0;
85;
98;
0;
93;
91;
96;
0;
0;
0;
0;
0;
97;
0;
0;
98;
0;
0;
98;
0;
97;
0;
0;
88;
95;
0;
98;
93;
0;
0;
97;
94;
98;
0;
95;
0;
75;
0;
0;
0;
96;
96;
0;
0;
94;
0;
0;
96;
99;
0;
0;
0;
90;
0;
0;
92;
0;
92;
89;
95;
91;
0;
0;
0;
0;
96;
0;
0;
0;
0;
0;
0;
0;
0;
0;
0;
0;
0;
0;
0;
95;
0;
0;
0;
95;
0;
0;
0;
0;
93;
97;
0;
0;
0;
0;
0;
0;
0;
0;
0;
0;
0;
0;
0;
0;
0;
98;
96;
96;
88;
0;
0;
93;
99;
0;
0;
0;
0;
0;
0;
99;
0;
0;
0;
97;
0;
0;
0;
0;
0;
0;
0;
0;
0;
0;
0;
0;
0;
0;
87;
92;
97;
0;
0;
96;
91;
97;
95;
0;
87;
95;
96;
0;
87;
0;
0;
0;
96;
0;
92;
97;
84;
85;
96;
0;
96;
96;
0;
96;
0;
0;
96;
89;
94;
0;
90;
0;
0;
0;
0;
0;
0;
0;
0;
0;
95;
0;
0;
0;
0;
85;
0;
98;
96;
94;
97;
92;
0;
98;
95;
0;
94;
94;
97;
97;
94;
0;
93;
0;
96;
92;
0;
0;
0;
97;
0;
0;
0;
0;
0;
94;
98;
0;
95;
0;
96;
93;
0;
0;
0;
96;
97;
0;
0;
94;
96;
95;
0;
97;
0;
80;
94;
0;
0;
89;
0;
0;
0;
0;
0;
0;
0;
0;
0;
97;
0;
97;
0;
0;
0;
0;
91;
0;
91;
0;
94;
81;
97;
91;
0;
96;
90;
0;
98;
97;
92;
0;
95;
95;
97;
94;
95;
96;
93;
94;
92;
93;
96;
88;
96;
97;
96;
0;
0;
0;
94;
97;
87;
95;
0;
97;
0;
87;
0;
82;
0;
95;
0;
0;
0;
97;
0;
0;
94;
0;
0;
0;
0;
0;
0;
0;
0;
0;
0;
0;
0;
0;
0;
96;
0;
0;
0;
0;
0;
97;
0;
0;
0;
0;
0;
0;
98;
94;
0;
86;
97;
0;
0;
95;
0;
93;
0;
93;
0;
97;
96;
96;
95;
97;
98;
0;
0;
97;
0;
96;
94;
0;
89;
0;
96;
84;
0;
0;
77;
95;
94;
93;
92;
89;
93;
96;
96;
0;
92;
0;
0;
97;
98;
80;
84;
98;
95;
93;
0;
98;
0;
96;
0;
93;
0;
0;
92;
83;
96;
94;
97;
0;
91;
78;
90;
84;
89;
98;
99;
97;
0;
98;
0;
96;
94;
93;
0;
0;
0;
0;
0;
76;
0;
85;
93;
84;
94;
0;
0;
93;
0;
93;
98;
0;
92;
90;
0;
0;
95;
0;
0;
96;
0;
0;
0;
0;
0;
0;
0;
0;
0;
96;
0;
0;
0;
0;
0;
0;
0;
0;
0;
0;
0;
95;
0;
0;
88;
93;
0;
0;
94;
93;
0;
90;
0;
95;
0;
0;
97;
79;
0;
0;
0;
0;
96;
97;
98;
92;
93;
0;
0;
0;
93;
0;
0;
91;
91;
0;
0;
92;
0;
0;
81;
0;
96;
0;
94;
82;
0;
87;
0;
0;
90;
0;
0;
0;
0;
87;
96;
0;
93;
0;
0;
81;
0;
0;
0;
0;
0;
99;
0;
95;
0;
97;
95;
0;
0;
0;
0;
0;
0;
0;
0;
0;
0;
0;
97;
0;
0;
0;
0;
0;
0;
0;
0;
0;
0;
0;
0;
0;
97;
99;
0;
0;
0;
92;
0;
0;
0;
0;
0;
93;
0;
0;
0;
0;
0;
0;
0;
0;
0;
0;
0;
0;
0;
0;
0;
96;
87;
0;
0;
0;
0;
0;
0;
0;
0;
0;
0;
0;
0;
0;
0;
0;
0;
0;
0;
0;
0;
0;
0;
0;
97;
0;
0;
0;
0;
0;
0;
0;
0;
0;
0;
0;
0;
0;
0;
0;
0;
98;
0;
0;
0;
0;
0;
0;
0;
0;
0;
