39;35;42;26;43;82;24;
0;
0;
43;43;61;
20;46;55;81;123;
27;43;33;36;58;26;37;29;
67;59;69;62;
42;33;37;56;57;35;67;
0;
13;51;100;62;31;
2;132;82;50;83;80;133;194;75;
0;
0;
12;76;122;62;47;
0;
0;
32;44;33;35;20;31;
85;55;66;61;69;77;80;56;70;
75;56;57;49;60;58;66;53;59;67;
0;
0;
0;
0;
71;31;38;45;59;30;42;61;35;
44;45;47;67;50;32;
73;42;76;78;76;55;70;96;
98;45;53;40;61;55;61;
5;49;111;85;119;111;99;2;
11;20;10;9;
33;60;59;50;41;35;
18;
12;20;12;4;
0;
68;102;62;66;85;0;
38;38;45;13;
59;70;63;0;
0;
55;26;28;40;
72;84;115;119;72;
115;84;83;98;66;
33;38;23;4;
0;
57;23;46;48;77;49;16;
57;53;52;70;
58;45;35;25;
53;59;90;74;62;104;0;
0;
0;
0;
0;
0;
184;139;137;189;125;141;194;
0;
0;
0;
0;
0;
0;
0;
76;161;109;64;
0;
0;
0;
27;39;31;
0;
0;
0;
0;
0;
0;
0;
0;
0;
0;
0;
0;
11;17;41;41;0;
0;
0;
0;
0;
0;
0;
0;
0;
0;
19;22;10;
0;
0;
16;15;19;27;
0;
140;99;85;76;
0;
0;
40;34;28;34;
0;
0;
0;
0;
0;
20;19;19;27;21;0;0;
0;
0;
0;
172;88;61;92;
0;
0;
129;91;61;42;
18;14;14;12;
0;
0;
64;77;81;62;40;
0;
116;70;77;73;62;
45;64;78;33;86;56;
0;
58;53;38;5;
0;
30;19;32;46;
0;
67;41;36;93;102;
0;
97;110;87;92;
0;
114;92;56;223;
0;
37;42;39;18;
0;
46;41;19;41;28;25;
36;86;49;44;52;
24;49;48;59;
13;73;92;99;96;
18;13;23;26;
38;59;66;69;
16;16;27;41;28;25;18;17;
0;
0;
0;
6;22;11;0;0;
21;26;26;17;
71;166;81;94;
103;70;77;48;
4;53;49;64;52;45;40;39;0;
8;47;76;24;40;
48;77;56;157;30;78;
128;86;171;119;125;
48;45;26;31;31;40;28;35;0;
80;79;29;34;0;
0;
0;
139;84;66;117;88;99;
115;97;47;59;
84;82;75;76;94;74;33;
0;1;54;66;39;30;
10;58;37;30;47;
65;79;63;61;61;
46;121;80;180;
0;
0;
75;66;54;61;
67;41;60;34;
0;
0;
43;101;248;191;130;136;51;32;
9;8;19;53;
146;74;76;62;
0;
0;
3;77;34;66;19;66;
6;18;49;45;40;4;
0;
26;187;188;166;179;131;224;230;31;
234;191;188;312;
79;28;94;
120;188;201;151;137;
0;
86;101;127;144;
71;98;83;71;77;
138;68;67;83;
37;16;56;48;50;
21;13;23;26;0;
0;
122;80;134;56;137;0;
56;36;94;58;
43;90;111;53;48;45;
67;66;68;56;
48;52;92;48;
22;37;53;37;30;
93;33;109;58;1;
3;9;14;17;29;0;
106;81;71;100;
11;52;36;27;71;4;
0;
0;
0;
47;77;136;97;28;101;
62;46;54;57;
0;
67;82;92;119;170;168;107;155;146;135;110;132;
30;27;28;26;
122;122;116;164;0;
1;;1;1;0;
88;73;99;101;77;84;80;
73;41;51;
200;202;213;262;170;70;322;108;73;306;378;141;9;
50;53;57;46;
109;61;77;55;
14;19;51;48;5;
35;27;104;49;
1;24;19;40;16;28;25;12;
4;28;63;61;78;
59;75;53;85;81;73;
0;119;105;256;104;86;90;133;
0;
3;111;72;51;17;
0;
288;233;287;648;
0;
78;99;26;
56;9;150;178;247;144;
57;15;25;17;
41;72;41;57;48;
48;73;4;80;51;26;83;27;86;22;92;81;0;
33;47;87;47;
0;
13;41;70;43;28;46;27;73;
71;77;78;74;
82;126;97;114;124;
20;122;87;93;85;126;63;23;
43;32;35;75;
61;38;119;51;
74;117;65;68;
52;53;43;57;40;
105;59;57;133;
1;50;45;60;64;
0;
33;33;53;34;48;58;
58;35;34;31;38;31;23;14;28;45;34;34;42;
107;117;113;35;
52;52;57;66;
40;82;72;65;96;70;65;23;
114;70;77;67;
0;
61;78;89;62;54;59;0;0;
51;62;58;72;
47;83;85;82;70;61;
24;18;12;5;9;22;
71;52;81;132;
110;90;114;159;
8;29;29;29;33;29;26;32;22;
58;50;38;46;
7;72;67;29;2;
53;70;58;27;70;
74;70;168;95;
31;58;79;74;40;73;64;12;84;10;39;8;
2;13;14;18;22;
45;44;66;67;
164;80;0;72;57;
34;11;17;16;
108;77;93;83;
5;12;28;24;35;87;4;
33;47;36;16;
0;
37;43;55;60;
6;87;127;79;115;
62;28;56;47;36;0;
72;59;60;59;
16;35;18;6;
11;20;22;17;16;17;18;15;18;
2;0;0;0;
27;44;20;24;
0;2;1;3;
105;152;61;86;49;
0;
27;78;83;66;47;40;25;58;31;52;
35;21;19;124;
34;37;43;33;30;28;28;31;22;26;
52;41;45;44;
2;0;0;0;0;0;0;
114;120;106;31;
101;151;115;
0;78;53;79;18;42;
52;77;36;23;
0;
70;56;64;105;
18;40;50;83;74;49;0;
25;137;79;91;58;62;
124;75;39;67;
8;2;2;3;
30;53;23;
21;20;16;22;
26;21;25;25;
151;122;68;124;
56;33;14;48;21;
95;76;36;59;49;
30;31;33;
32;25;43;35;
64;61;61;84;
55;44;45;52;
32;36;30;24;20;
104;35;47;98;
106;100;51;57;
31;43;41;16;0;49;
65;109;100;94;100;36;
20;51;74;31;58;38;28;
0;0;0;1;
13;47;60;98;
69;64;57;
11;59;62;67;39;
12;11;4;17;
107;126;94;98;172;0;
18;54;50;35;36;53;38;71;
2;16;14;12;12;19;
112;114;92;83;
67;74;77;57;49;
63;41;50;83;62;42;56;51;50;
1;41;36;10;29;38;13;
25;6;18;17;7;3;0;
50;33;48;32;14;
74;75;69;62;
4;38;81;78;65;
109;108;57;151;
4;57;52;95;42;
4;170;139;109;222;60;
42;54;38;45;2;
73;63;53;57;0;
125;122;122;166;91;
6;16;21;4;8;5;
52;89;55;52;99;
53;58;54;56;1;
219;64;86;67;
69;82;62;73;74;
13;0;0;53;10;0;3;0;
65;81;61;124;62;;
66;36;61;41;
111;95;76;71;
32;47;43;43;
1;124;45;65;16;
0;44;67;49;60;
106;137;144;0;57;
36;28;27;18;0;
129;97;86;74;
71;54;50;101;
11;211;86;77;
0;
45;32;66;53;
31;59;45;107;0;
62;39;48;175;154;120;94;1;
80;40;72;53;57;68;86;
146;188;169;91;129;90;109;154;94;108;
15;19;31;20;
133;114;27;
69;60;69;54;
82;67;86;105;
57;27;25;42;
64;44;20;18;28;0;
115;51;41;56;1;
25;44;74;33;52;6;
0;14;67;76;
0;
1;0;0;0;0;0;0;
42;44;35;40;36;
67;109;100;94;100;36;
126;81;79;81;
0;
0;
42;52;73;62;45;
0;
16;18;22;34;0;
30;74;71;101;
0;
152;195;156;164;263;
28;68;101;31;36;9;
92;81;89;109;81;
79;145;111;129;112;129;
4;33;37;36;41;
93;117;85;70;66;139;
23;25;25;
4;0;0;0;0;0;
27;30;35;76;
20;3;1;1;1;1;2;
0;
89;134;96;59;
114;89;123;249;
0;
18;0;0;0;0;2;1;
17;92;100;43;58;1;
62;60;84;0;
87;0;64;67;4;127;
12;12;16;23;14;
99;86;67;85;
0;
19;41;25;41;14;49;40;25;35;
34;54;51;37;
0;
85;101;75;118;
5;61;64;50;99;58;29;94;127;54;55;67;1;
78;50;74;31;55;5;
13;3;8;14;1;
67;51;63;51;1;
43;52;50;45;0;
7;42;40;61;30;
0;
8;48;80;6;5;4;22;
21;26;40;37;41;32;4;7;
46;51;48;95;3;
51;11;29;36;31;0;
38;33;37;56;57;35;64;
75;94;128;122;82;0;
14;29;19;25;
16;24;6;4;
166;147;164;188;
0;
4;170;139;109;222;60;
5;125;116;99;52;64;117;110;149;0;124;1;
37;25;27;30;19;16;9;44;
1;33;46;66;2;
9;40;70;160;187;30;
52;21;36;23;
59;88;126;120;134;
2;26;25;7;5;0;
151;126;122;105;
86;63;66;67;
0;
38;43;36;29;
25;18;20;20;
11;24;11;
180;0;109;0;
0;
80;61;79;40;1;
26;108;303;216;173;
42;14;57;16;
5;23;11;26;26;25;15;7;0;
0;
0;
64;55;54;48;
62;61;60;68;0;
7;5;5;7;5;
38;50;49;57;3;
104;79;51;71;
107;64;78;75;167;33;65;
11;14;15;16;0;
114;103;104;92;
87;81;73;107;67;92;
25;53;68;38;
5;97;129;113;52;55;52;45;1;
1;57;58;73;72;1;
11;192;0;91;0;92;
13;45;69;62;
0;
0;
147;0;87;8;
31;27;39;29;
7;121;120;102;88;153;
21;4;3;4;3;4;2;1;
2;18;0;21;35;0;
18;15;
6;67;83;63;90;
220;208;244;496;225;191;127;75;
31;17;8;14;
20;9;30;37;28;26;11;
20;14;24;23;
9;51;66;61;63;49;50;74;77;63;66;50;26;
9;98;68;85;85;72;85;75;75;83;80;40;61;85;
126;78;99;90;115;120;126;120;142;106;0;
54;52;74;58;71;
71;28;39;42;
63;70;116;78;0;
39;76;90;78;120;50;95;70;70;87;94;52;
117;97;91;20;
10;10;9;9;46;15;41;163;
87;73;64;76;
7;72;67;29;2;
49;85;71;
59;103;37;
95;50;
34;12;14;
21;
237;170;236;365;
289;152;100;105;178;210;134;138;107;147;113;104;0;
1;31;31;26;51;26;
16;10;26;7;4;
1;0;0;0;0;0;
268;217;166;265;
0;0;0;0;0;0;
1;28;98;77;19;66;
13;39;39;29;24;47;33;27;32;
0;
68;84;64;61;
7;45;70;18;36;14;13;2;
0;
0;
0;
0;
0;
0;6;11;12;10;0;
9;70;99;95;92;120;93;139;
116;112;103;113;120;106;
0;
0;
8;90;77;63;0;
52;49;56;53;
27;128;2;66;84;187;95;123;
130;170;156;184;
0;
2;9;14;7;8;
45;37;51;71;74;34;45;18;
89;167;114;98;114;72;86;79;
0;
50;47;70;54;
0;
97;103;112;82;122;90;154;
0;53;56;182;38;
4;15;16;18;81;43;
0;
66;33;62;0;
242;201;254;307;
75;45;75;66;
3;18;21;15;6;
251;225;134;218;
157;138;133;178;0;
45;56;37;41;
146;29;98;111;
70;62;66;88;76;
1;49;43;13;49;44;10;
123;113;90;143;
70;49;61;45;
2;102;122;83;71;67;
15;94;102;75;88;99;91;
101;101;130;113;79;
23;163;102;145;148;0;
40;62;80;109;81;
83;87;71;36;
2;9;14;7;8;
0;
2;9;14;7;8;
6;37;37;39;
6;37;37;39;
28;48;47;42;
6;37;37;39;
277;58;241;136;
59;74;78;81;86;112;75;45;85;64;84;
76;71;84;83;77;77;92;78;72;
9;47;52;40;48;22;40;38;20;
126;5;15;5;9;5;4;0;
0;
44;69;46;91;
225;172;236;327;
36;61;9;49;5;29;14;
69;47;36;52;9;
20;46;36;56;72;
88;77;81;49;59;
95;83;79;105;64;
71;66;37;62;
127;75;118;
104;34;56;68;62;
40;36;53;55;
74;66;78;97;59;53;
160;188;105;107;
2;0;0;0;
30;35;35;29;40;42;
2;28;0;46;0;82;0;67;0;
50;55;58;45;
79;48;60;48;50;62;13;
6;0;0;0;0;0;0;0;
34;26;21;8;0;
10;2;8;8;7;6;8;3;9;6;2;0;
0;
0;
0;
106;102;93;68;77;73;73;75;105;76;105;70;79;81;83;60;66;86;72;77;83;
0;71;69;57;63;73;72;72;64;66;78;
0;
0;
248;163;74;40;
9;36;81;7;9;40;
47;67;45;70;49;59;
21;44;68;58;62;95;
0;
22;18;18;22;0;
21;18;22;24;0;
36;34;25;28;
35;34;28;19;
44;29;53;35;0;
0;
0;
210;167;130;167;133;155;0;
354;226;174;148;
35;21;17;14;
147;159;134;263;
47;36;43;29;49;
42;32;32;10;
1;42;40;13;41;38;10;
0;
16;5;4;12;4;5;4;3;2;
10;26;31;35;34;26;38;
137;78;111;65;114;131;
57;44;55;62;49;52;64;
19;24;8;23;22;0;
28;28;27;21;19;
9;95;81;73;78;71;77;96;69;74;0;
0;
28;40;27;35;3;
56;91;46;74;43;
107;162;80;97;
0;
35;24;14;9;11;
0;
0;
0;
42;70;61;65;80;71;39;63;78;63;60;98;39;67;91;58;64;57;
0;
51;79;69;43;25;69;
0;
0;
0;
0;
80;76;64;101;87;53;52;0;
0;
28;44;57;53;44;
0;
24;50;81;41;17;20;
42;23;40;34;
51;90;72;
30;39;16;27;
0;
44;74;45;100;42;4;
27;25;15;
0;
0;15;43;16;16;8;
109;142;132;155;162;
18;39;28;20;
0;
5;6;19;
27;36;37;16;
2;50;54;49;46;
99;129;131;106;2;
;;;29;
23;18;17;21;11;10;
79;54;112;69;59;101;
55;25;54;35;
144;99;110;93;1;
78;
163;44;45;136;131;105;
44;35;21;18;31;18;33;39;31;0;
41;46;46;63;
39;20;15;41;19;
84;71;140;120;
0;
162;178;133;197;200;139;185;215;
47;44;28;37;47;
2;47;24;57;0;
94;114;114;67;123;168;66;128;75;
85;94;92;108;94;86;70;71;
2;6;12;10;7;7;8;
41;54;52;40;42;
21;86;145;144;117;64;
61;72;71;55;65;80;64;
54;76;36;126;54;17;
0;
180;69;126;221;
0;
9;25;14;12;
0;
28;29;23;39;44;44;
0;
1;44;50;48;49;
25;45;43;
88;79;114;96;
79;48;18;51;
4;76;97;96;71;73;42;90;70;0;;
128;143;102;160;
0;
0;
0;
0;
0;
0;
0;
0;
0;
0;
0;
0;
131;92;104;
48;24;25;
0;
0;
0;
0;
100;132;
0;
0;
0;
0;
0;
0;
77;72;77;49;
112;102;103;
0;
15;14;19;41;18;20;21;
94;67;58;52;43;52;
0;
0;
78;50;74;31;55;5;
0;
145;96;85;133;
0;
24;24;16;20;22;
0;
33;27;20;24;
69;21;58;22;
42;39;39;48;45;42;0;
63;76;54;77;
36;82;55;70;44;58;
194;146;77;220;
0;
0;
16;2;1;18;1;11;29;0;
0;
60;69;50;33;64;
69;41;37;48;44;57;0;
39;27;34;24;
60;51;81;53;
7;55;58;93;2;
39;50;
35;190;66;49;106;61;23;
0;
0;
8;38;69;46;15;
30;57;51;27;53;68;
77;81;64;0;
23;34;20;20;
5;12;22;21;45;12;2;
99;96;69;110;82;
20;25;27;38;44;
39;58;46;48;
81;25;39;55;
91;84;80;88;
1;28;72;77;19;66;
79;57;65;75;
64;54;34;30;
50;80;63;53;34;
74;60;61;61;
27;36;25;52;
3;51;35;24;
27;25;27;25;15;
26;19;21;19;
116;106;120;118;94;
44;52;34;18;
41;45;28;50;21;
0;
6;37;39;39;
46;56;77;
162;79;142;171;
0;
0;
8;27;31;42;17;18;27;22;21;37;
64;85;59;81;57;0;
150;106;161;108;63;
64;56;52;39;
37;69;62;20;
17;22;16;17;2;
67;118;138;77;
59;131;67;108;
64;76;83;86;
14;136;94;3;95;0;59;
52;45;85;69;20;
57;45;81;36;59;41;25;85;
17;19;32;27;
9;89;94;42;57;95;31;36;71;50;7;
0;
3;39;90;65;43;
0;
15;49;38;46;53;35;58;37;24;19;41;
48;55;70;51;
0;65;59;84;118;0;
6;18;9;7;14;15;26;3;
25;91;135;119;123;0;
7;36;27;47;38;1;
11;
85;53;64;72;
6;24;16;25;41;37;1;
64;39;54;
5;16;62;44;43;
60;31;129;170;55;36;
61;116;115;9;
63;52;31;29;71;0;
40;36;45;29;
20;25;26;17;16;31;
56;55;72;57;48;53;0;
0;23;18;31;34;
69;75;73;58;
2;113;111;47;39;
8;13;16;9;11;2;
155;122;105;147;156;
101;116;85;103;111;1;
10;23;40;25;29;29;
69;113;80;118;
42;64;43;0;
0;
7;45;70;18;36;14;13;2;
27;59;39;88;95;8;
73;85;121;105;
0;
24;22;22;10;9;
14;29;20;15;
28;106;69;46;
25;56;150;74;100;20;13;
44;46;75;36;42;10;
0;
18;20;40;15;7;
78;33;105;26;
168;88;62;68;0;0;
35;24;14;
0;
10;141;41;73;0;
23;17;6;15;17;
5;35;34;30;
18;43;44;58;52;31;24;
34;32;28;28;22;24;
118;112;54;49;3;
12;105;11;82;83;72;87;
39;21;21;28;37;
63;59;54;49;
147;49;68;102;266;
53;52;54;39;
73;96;48;33;
26;50;79;101;130;142;107;
50;53;45;149;58;77;42;42;
33;39;53;56;56;39;
3;55;47;50;50;35;48;0;
53;50;0;47;48;41;
6;21;52;35;54;3;
41;147;111;156;26;45;
59;80;59;65;74;
20;2;4;18;16;15;
38;40;42;63;
16;18;6;11;
70;61;61;60;53;52;50;63;
2;41;45;75;72;23;0;
7;29;
0;
90;87;55;0;0;
79;36;29;0;
54;18;32;33;0;
71;65;68;70;
17;28;22;21;
33;57;34;23;
51;36;49;36;
35;42;21;26;23;25;9;1;
54;33;50;38;8;
0;16;10;28;
73;12;11;11;
0;
100;185;43;56;
43;36;55;86;53;130;
50;49;52;63;
0;
95;77;84;96;88;23;
142;109;100;72;89;76;97;
13;16;25;12;
29;27;36;42;35;40;54;5;
3;29;8;28;70;31;30;5;
45;20;39;39;8;
35;42;35;42;0;
1;35;45;
42;50;58;29;51;
152;106;80;57;
78;157;149;
3;132;240;167;99;0;
38;24;30;33;
66;56;77;47;
42;50;50;44;37;
12;17;47;
107;59;71;82;
41;15;62;35;28;84;4;
0;
90;78;91;67;
37;29;28;34;0;
0;
27;19;17;19;
18;65;38;34;65;33;4;
90;109;122;137;
85;54;47;104;64;85;
37;76;33;120;63;29;
78;50;74;31;55;5;
18;15;15;14;
75;56;36;39;55;0;
0;
313;153;127;143;
54;100;153;121;
44;39;47;54;40;
123;150;127;156;111;73;
157;143;139;129;
195;111;40;154;
122;130;134;118;118;63;43;86;0;0;
2;48;42;39;30;
20;17;14;5;1;
51;54;23;
62;65;59;59;49;65;56;43;
27;11;15;43;
0;0;47;31;
41;38;47;
11;14;22;31;38;
38;44;39;23;2;
30;31;28;
1;51;61;65;52;
25;3;4;10;4;12;
46;28;16;19;34;31;
57;37;37;34;43;14;
43;49;20;
50;66;81;114;48;2;
151;85;86;114;11;0;
66;53;64;73;
23;25;13;22;
103;73;60;79;
0;102;19;0;
37;27;30;24;
20;21;30;17;0;
122;95;110;109;102;
25;26;21;27;23;
47;67;43;70;45;59;
112;103;132;119;
44;68;21;38;
10;14;12;12;25;13;
95;43;66;29;
16;17;16;18;9;14;0;
0;35;32;103;45;31;0;
121;111;41;21;
0;
1;0;0;0;0;
15;211;75;32;97;53;30;255;
30;20;25;19;0;
20;25;13;
52;1;31;39;
0;
58;15;19;
19;26;24;16;
0;
70;67;58;23;
39;17;18;24;14;
39;21;13;47;
46;62;41;41;28;
48;44;42;56;63;36;
89;80;57;26;
10;32;8;8;1;
26;26;30;28;
25;17;30;13;
25;36;26;50;35;
23;31;13;31;
40;25;32;42;
51;48;38;28;65;43;11;
18;32;3;
18;19;0;
14;20;8;5;1;
37;9;15;1;
24;20;35;28;
16;12;11;27;
82;49;24;47;33;13;
0;15;21;33;
61;49;36;57;50;
43;50;12;3;11;10;
127;55;129;77;
0;58;25;18;0;0;0;0;0;
104;70;70;56;41;50;60;133;;
9;11;21;14;18;0;
17;26;12;14;17;18;21;0;
19;18;27;8;
33;20;28;10;20;
122;198;57;24;
25;23;10;54;
30;37;31;18;
28;2;20;12;55;15;10;
98;142;108;140;
0;
38;7;7;28;26;14;1;
80;104;101;
74;127;161;238;95;
60;117;82;105;
41;46;61;1;
4;52;86;35;95;110;54;74;;
36;44;36;35;
0;
7;4;5;6;
4;42;52;61;43;
10;6;7;33;5;
0;
1;50;45;60;64;
94;99;80;81;116;72;68;75;85;78;62;87;67;102;90;67;71;75;73;59;73;22;232;
2;94;121;82;71;67;
3;77;34;66;19;66;
18;33;20;18;30;
266;92;70;43;77;
27;0;0;0;0;0;0;
27;42;47;
80;93;77;91;78;53;42;49;22;33;47;64;67;
51;129;48;45;
9;4;3;4;
7;9;10;28;0;11;