1;2;1;2;1;2;2;
0;
0;
3;4;4;
5;9;6;5;7;
3;3;3;4;4;3;1;4;
1;1;1;1;
0;2;0;3;0;0;2;
0;
0;3;4;2;3;
0;2;4;3;2;4;4;2;5;
0;
0;
0;5;6;3;2;
0;
0;
3;3;4;6;5;3;
24;47;25;24;41;19;24;12;6;
2;2;2;2;2;2;2;2;2;2;
0;
0;
0;
0;
3;5;4;5;3;0;3;5;3;
4;4;4;4;1;1;
2;2;2;2;1;2;1;1;
2;2;2;2;1;2;0;
1;0;0;0;0;0;0;0;
2;2;2;2;
1;2;2;2;2;2;
8;
1;2;4;1;
0;
0;0;0;0;0;0;
4;4;6;4;
4;3;5;0;
0;
2;2;2;2;
2;2;2;2;0;
3;3;0;0;3;
3;8;6;1;
0;
2;2;3;0;0;0;0;
2;0;0;3;
1;0;0;2;
1;1;1;1;1;1;0;
0;
0;
0;
0;
0;
5;0;0;0;0;0;3;
0;
0;
0;
0;
0;
0;
0;
1;3;2;3;
0;
0;
0;
2;2;3;
0;
0;
0;
0;
0;
0;
0;
0;
0;
0;
0;
0;
5;0;0;11;0;
0;
0;
0;
0;
0;
0;
0;
0;
0;
4;4;2;
0;
0;
3;3;3;3;
0;
3;2;2;3;
0;
0;
5;0;0;0;
0;
0;
0;
0;
0;
0;0;0;0;5;0;0;
0;
0;
0;
6;4;3;6;
0;
0;
8;5;4;5;
3;3;3;3;
0;
0;
2;0;0;0;1;
0;
3;2;2;2;2;
2;5;4;3;3;4;
0;
1;1;1;2;
0;
1;0;0;2;
0;
2;2;2;2;2;
0;
1;1;1;1;
0;
2;3;3;2;
0;
2;1;2;1;
0;
6;0;0;0;0;3;
0;0;0;0;3;
4;3;2;4;
0;1;2;0;0;
2;2;2;2;
5;4;4;5;
0;3;9;14;16;11;6;5;
0;
0;
0;
1;0;0;0;0;
2;1;0;1;
2;2;2;2;
1;0;0;0;
1;4;2;2;2;2;2;2;0;
0;0;0;0;3;
3;4;8;9;7;3;
0;0;0;0;0;
4;4;3;2;3;2;3;3;0;
2;3;1;1;0;
0;
0;
4;0;0;0;0;0;
7;10;7;7;
1;2;2;2;2;2;0;
0;0;0;3;0;0;
0;1;2;2;2;
1;1;2;1;2;
2;3;1;2;
0;
0;
5;5;3;3;
1;0;4;3;
0;
0;
1;0;2;0;0;0;0;0;
2;2;1;1;
7;4;3;4;
0;
0;
0;1;1;1;1;3;
0;0;0;0;0;0;
0;
1;1;1;1;1;1;1;1;0;
2;2;1;2;
3;3;4;
12;15;6;10;4;
0;
3;4;5;6;
2;2;3;3;3;
1;1;1;1;
2;2;5;2;2;
3;3;3;3;0;
0;
6;5;5;4;4;0;
3;0;0;3;
4;12;8;9;15;5;
2;2;2;2;
6;6;6;6;
0;11;15;8;6;
3;1;1;1;0;
0;3;2;2;4;0;
1;0;0;0;
1;0;0;0;4;0;
0;
0;
0;
3;4;1;1;2;4;
1;1;1;2;
0;
1;1;1;1;1;1;1;1;1;1;1;1;
3;2;2;2;
1;0;1;1;0;
1;1;1;2;0;
1;1;1;1;1;1;1;
1;0;1;
1;0;0;0;0;0;0;0;0;0;0;0;0;
1;2;1;1;
7;6;4;2;
1;1;2;3;3;
2;1;1;3;
0;9;11;18;10;10;7;9;
1;3;3;3;2;
6;8;6;10;8;5;
0;12;15;8;12;7;5;10;
0;
0;4;3;4;3;
0;
2;2;1;2;
0;
10;10;0;
0;2;2;2;2;2;
2;0;0;0;
3;2;2;2;2;
6;4;0;1;2;3;2;2;2;2;4;0;0;
2;3;2;2;
0;
0;9;14;5;4;0;4;0;
4;4;4;4;
8;8;7;8;10;
0;2;3;2;3;3;2;0;
4;2;3;2;
5;3;3;2;
2;0;0;0;
1;0;2;1;2;
3;0;0;0;
0;9;8;8;8;
0;
0;3;1;1;1;1;
2;0;0;0;0;0;0;0;0;0;0;0;0;
1;0;0;0;
2;2;2;2;
1;0;2;5;2;8;4;0;
1;1;1;1;
0;
1;1;2;1;1;1;0;0;
2;2;2;2;
2;2;2;2;2;3;
2;2;1;1;2;2;
2;0;2;2;
0;0;0;0;
1;2;2;2;2;2;2;2;2;
2;0;0;3;
0;0;0;2;0;
1;3;3;3;5;
4;4;5;6;
1;6;11;30;19;29;19;2;17;5;5;2;
0;3;5;7;7;
4;4;4;4;
3;0;0;0;0;
5;2;2;2;
1;1;1;1;
0;0;1;0;0;5;0;
5;6;5;2;
0;
1;3;3;2;
1;2;2;1;1;
0;0;0;0;0;0;
1;0;0;1;
2;0;2;2;
0;2;2;2;2;2;2;2;2;
2;0;0;0;
2;2;0;2;
0;4;3;3;
9;9;7;7;2;
0;
0;2;2;2;3;2;1;3;2;2;
6;1;1;0;
1;1;0;1;0;0;0;0;0;0;
1;0;0;2;
0;0;0;0;0;0;0;
1;5;2;0;
2;1;1;
0;1;0;0;0;1;
4;0;0;2;
0;
2;0;1;1;
0;0;2;2;2;2;0;
0;5;3;3;3;1;
1;3;1;0;
0;0;0;2;
8;7;6;
1;2;2;1;
1;1;1;1;
2;2;2;3;
1;2;2;3;2;
1;3;0;3;2;
5;0;0;
2;2;2;3;
4;4;4;5;
2;2;2;2;
5;4;2;3;3;
2;1;1;3;
3;0;0;0;
1;1;1;1;0;0;
1;1;1;2;2;2;
3;6;5;3;4;0;0;
0;0;0;1;
1;1;1;1;
1;0;0;
1;1;1;1;1;
2;2;1;3;
12;9;4;9;14;0;
0;1;1;1;1;1;1;1;
0;1;1;1;1;2;
2;2;2;2;
1;1;2;0;0;
1;0;0;0;0;0;0;0;0;
1;2;2;0;2;2;0;
1;1;1;1;1;1;0;
1;2;1;1;1;
1;1;1;1;
0;2;2;2;1;
5;5;5;6;
0;3;3;5;1;
0;3;1;1;3;2;
2;0;0;0;1;
6;6;4;3;0;
1;0;0;0;0;
1;1;1;1;1;0;
5;6;6;8;4;
0;0;1;0;0;
1;1;1;1;
1;1;2;1;2;
1;0;0;0;0;0;0;0;
4;3;7;6;4;1;
2;2;2;2;
3;3;3;2;
1;2;2;2;
0;1;2;2;1;
0;8;9;8;8;
5;4;6;0;0;
3;3;3;3;0;
1;0;0;1;
1;1;1;1;
0;2;2;1;
0;
1;1;2;1;
1;1;1;1;0;
5;2;3;3;10;6;6;0;
2;2;2;2;1;2;0;
1;1;1;1;1;2;1;1;1;1;
6;6;6;8;
2;1;0;
2;2;2;2;
3;5;3;3;
6;3;5;4;
1;1;1;1;0;0;
1;1;1;1;0;
2;1;3;3;2;1;
0;2;6;7;
0;
0;0;0;0;0;0;0;
3;0;0;0;0;
2;1;1;2;2;2;
1;0;0;1;
0;
0;
0;0;0;0;0;
0;
3;1;2;1;0;
1;0;0;10;
0;
10;13;11;10;8;
0;0;0;0;0;0;
1;1;1;1;2;
6;3;5;5;0;4;
0;6;6;6;4;
1;1;1;3;3;2;
3;2;3;
2;0;0;0;0;0;
1;1;1;2;
1;1;1;1;0;0;0;
0;
1;0;1;1;
2;1;1;1;
0;
0;0;0;0;0;0;2;
3;4;4;2;1;2;
1;0;1;0;
6;0;6;1;0;5;
2;0;0;0;0;
3;3;3;3;
0;
1;0;0;0;0;0;0;0;0;
2;2;1;2;
0;
2;1;0;2;
0;0;0;0;0;1;0;0;0;0;0;0;0;
2;2;2;2;2;0;
1;1;1;2;0;
1;1;1;1;0;
4;2;6;2;0;
0;1;1;4;1;
0;
1;1;0;0;0;1;0;
2;2;3;2;2;2;2;2;
0;0;1;2;0;
3;3;3;3;3;0;
0;2;0;3;0;0;2;
9;9;10;6;15;0;
0;0;0;0;
5;5;2;1;
1;1;1;4;
0;
0;3;1;1;3;2;
0;4;2;2;2;1;2;2;2;0;0;0;
1;1;1;1;1;1;1;1;
0;1;0;0;1;
1;2;1;1;1;6;
1;0;0;0;
1;0;0;0;0;
0;0;0;0;0;0;
2;2;0;3;
3;3;4;3;
0;
1;2;1;1;
2;2;2;1;
1;0;0;
1;0;0;0;
0;
1;1;1;1;0;
1;1;1;1;1;
1;1;1;1;
0;0;0;0;0;0;0;0;0;
0;
0;
1;1;2;1;
0;0;0;0;0;
3;3;3;6;3;
4;4;3;0;1;
3;2;2;2;
2;2;2;2;1;2;0;
3;3;4;5;0;
1;0;0;0;
1;0;0;0;0;0;
1;1;1;1;
0;0;1;0;0;0;0;0;0;
1;8;8;11;10;0;
0;1;0;1;0;2;
1;2;1;2;
0;
0;
1;0;0;2;
2;0;0;3;
0;0;2;3;2;2;
1;0;0;0;0;0;0;0;
0;0;0;0;0;0;
6;5;
0;0;0;0;0;
0;0;0;0;0;0;0;0;
1;1;1;1;
0;2;2;2;0;0;0;
5;4;4;4;
0;2;1;2;1;2;1;2;1;1;1;1;0;
0;1;2;1;2;2;1;1;2;1;2;1;1;1;
2;2;2;2;2;2;2;2;0;1;0;
8;8;8;9;6;
2;1;2;1;
0;0;0;0;0;
1;1;2;1;2;2;1;1;2;1;2;1;
4;4;4;2;
0;1;0;1;0;0;1;1;
9;9;9;10;
0;0;0;0;0;
0;0;0;
0;0;0;
1;0;
1;1;1;
1;
1;1;1;1;
0;0;0;0;0;0;0;0;0;0;0;0;0;
0;2;5;5;4;3;
0;0;1;0;1;
0;0;0;0;0;0;
1;1;1;1;
0;0;0;0;0;0;
0;0;0;2;0;0;
0;0;0;0;0;0;0;0;0;
0;
6;0;3;4;
0;0;0;0;0;0;0;0;
0;
0;
0;
0;
0;
0;0;0;0;1;0;
0;1;1;1;1;1;1;0;
1;0;0;1;1;0;
0;
0;
0;1;1;1;0;
4;3;3;3;
1;1;0;1;1;1;1;1;
2;2;2;3;
0;
0;0;0;0;0;
0;3;1;1;2;1;1;1;
2;1;1;1;1;1;1;1;
0;
2;0;1;2;
0;
1;1;1;0;1;1;0;
0;1;1;1;0;
0;3;0;0;5;7;
0;
3;3;3;0;
2;2;1;2;
1;2;2;3;
0;8;5;4;6;
2;2;1;2;
0;1;0;1;0;
1;1;1;2;
3;0;3;2;
2;2;2;2;2;
1;2;2;0;2;2;0;
0;0;0;0;
1;2;1;3;
0;1;1;1;1;1;
2;2;2;3;2;2;3;
1;1;1;1;2;
1;0;2;1;2;0;
1;1;0;0;0;
2;1;1;2;
0;0;0;0;0;
0;
0;0;0;0;0;
0;6;0;7;
0;6;0;7;
1;1;1;2;
0;6;0;7;
1;1;1;2;
1;0;0;0;0;0;0;0;0;0;0;
1;3;1;1;1;1;1;1;1;
1;2;2;2;2;2;2;2;2;
1;0;0;0;0;0;0;0;
0;
0;0;0;12;
1;1;1;1;
1;1;0;1;0;1;0;
2;2;2;2;0;
0;2;2;2;2;
3;4;4;4;4;
7;5;7;6;5;
1;1;2;1;
3;3;2;
3;2;2;2;2;
2;2;2;2;
2;2;3;2;3;2;
2;2;2;3;
1;0;0;0;
4;0;0;0;0;2;
0;2;0;2;0;2;0;2;0;
1;2;2;1;
4;3;4;4;3;4;0;
0;0;0;0;0;0;0;0;
2;4;3;0;0;
5;4;5;5;5;6;7;1;6;2;3;0;
0;
0;
0;
0;0;0;0;0;0;0;0;1;0;0;0;0;0;0;0;0;0;0;0;1;
0;1;1;1;1;1;1;1;1;1;1;
0;
0;
0;0;0;2;
0;4;6;4;2;3;
6;5;4;7;6;6;
2;2;2;3;0;3;
0;
2;2;2;2;0;
2;2;2;2;0;
1;1;2;2;
2;2;2;3;
2;3;2;2;0;
0;
0;
2;0;0;0;2;0;0;
2;2;1;2;
3;3;3;2;
1;0;1;1;
1;1;1;1;1;
4;5;3;2;
1;2;2;0;2;2;0;
0;
1;1;1;1;2;1;1;0;0;
0;11;14;1;16;11;1;
9;7;9;5;8;5;
6;0;0;0;0;0;6;
2;2;1;4;5;0;
0;0;0;0;0;
0;1;0;0;0;0;0;0;0;0;0;
0;
2;2;2;2;1;
2;0;0;0;0;
2;2;2;2;
0;
1;1;1;1;1;
0;
0;
0;
1;1;1;1;2;1;2;2;2;2;1;2;1;2;1;2;1;1;
0;
3;4;5;2;4;4;
0;
0;
0;
0;
2;0;0;0;0;0;0;0;
0;
3;0;0;0;5;
0;
0;0;0;0;0;2;
1;1;1;1;
1;1;3;
3;3;3;3;
0;
5;10;8;6;6;0;
2;4;5;
0;
0;1;1;0;1;1;
9;13;11;14;9;
2;0;0;0;
0;
0;0;14;
3;0;1;2;
0;1;3;2;1;
4;4;5;4;1;
2;3;4;0;
1;1;1;0;1;1;
2;3;4;3;4;3;
2;2;3;1;
11;22;14;15;1;
9;
10;0;0;0;0;0;
11;0;0;0;0;0;0;0;0;0;
1;2;2;2;
2;2;0;11;2;
5;3;5;4;
0;
2;3;1;3;2;1;1;1;
4;3;3;5;4;
0;2;3;3;0;
1;1;1;1;1;1;1;1;0;
1;3;3;2;4;2;2;2;
1;0;0;0;0;0;1;
0;0;0;0;0;
3;4;5;5;3;3;
2;1;1;1;1;1;1;
9;6;8;11;9;1;
0;
9;0;0;0;
0;
2;1;3;2;
0;
1;1;1;1;0;0;
0;
1;7;7;7;7;
0;0;0;
1;0;0;0;
1;1;1;1;
0;1;1;1;1;1;1;1;1;0;0;
1;1;1;1;
0;
0;
0;
0;
0;
0;
0;
0;
0;
0;
0;
0;
4;2;2;
2;2;2;
0;
0;
0;
0;
1;0;
0;
0;
0;
0;
0;
0;
1;1;1;1;
4;3;3;
0;
0;0;0;0;0;0;0;
5;3;6;3;5;4;
0;
0;
2;2;2;2;2;0;
0;
1;1;1;1;
0;
1;1;1;1;1;
0;
3;3;3;3;
1;1;1;1;
7;7;7;7;7;7;0;
0;0;0;0;
4;7;3;5;3;6;
2;2;1;2;
0;
0;
0;4;3;8;2;2;4;0;
0;
6;6;5;4;11;
5;5;7;6;4;1;0;
2;2;2;2;
1;1;1;1;
0;0;0;0;0;
1;2;
0;4;0;0;0;0;0;
0;
0;
0;0;0;0;1;
1;0;0;0;0;2;
0;0;2;0;
2;5;2;5;
0;0;0;0;0;0;0;
1;1;1;1;1;
1;1;1;1;1;
1;1;1;2;
1;0;0;2;
2;2;2;2;
0;0;0;2;0;0;
1;0;2;2;
4;2;3;2;
1;1;1;1;2;
4;4;4;4;
4;5;3;2;
3;4;4;2;
1;1;1;1;2;
5;5;5;6;
5;0;0;0;0;
2;4;3;2;
2;2;2;2;2;
0;
0;6;0;7;
2;0;0;
2;2;2;3;
0;
0;
0;0;0;0;0;0;0;0;0;2;
3;4;0;0;0;0;
7;7;8;8;4;
2;2;2;3;
1;2;2;1;
2;0;0;0;0;
1;3;3;1;
3;10;3;0;
6;4;4;5;
0;4;3;5;2;0;5;
1;0;0;0;0;
2;2;2;1;2;2;2;3;
1;0;0;1;
0;0;0;0;0;0;0;0;0;0;1;
0;
0;2;1;1;1;
0;
0;2;2;2;2;1;1;1;1;1;1;
2;0;0;2;
0;3;3;3;3;0;
0;0;0;0;0;0;0;0;
5;0;2;1;3;0;
0;0;3;0;2;0;
4;
2;0;0;2;
0;0;0;0;0;0;0;
1;0;0;
0;0;0;8;7;
2;1;4;3;1;2;
2;5;0;2;
0;1;1;1;1;0;
2;1;1;1;
0;0;0;0;1;0;
2;1;1;1;1;1;0;
0;0;0;0;0;
9;0;0;4;
0;3;3;1;2;
1;1;1;1;1;0;
3;1;1;1;3;
9;8;6;13;5;1;
0;0;0;0;0;0;
1;0;0;0;
3;1;0;0;
0;
0;0;0;0;0;0;0;0;
2;2;2;3;4;1;
1;3;2;1;
0;
4;0;0;0;0;
6;6;5;6;
1;1;1;3;
0;0;0;0;0;0;0;
12;12;0;6;7;1;
0;
4;4;3;3;1;
1;2;1;2;
1;1;1;1;0;0;
0;3;4;
0;
0;2;3;1;0;
5;0;0;0;0;
0;0;0;5;
0;2;1;1;1;1;0;
0;0;0;0;0;0;
0;1;0;0;0;
0;0;5;0;0;10;5;
3;3;3;2;2;
1;1;1;2;
1;0;0;1;0;
2;0;0;0;
1;0;0;3;
1;2;1;2;1;2;1;
1;0;0;3;1;1;1;1;
0;0;0;0;0;0;
0;4;2;2;2;2;2;0;
1;1;0;2;1;3;
0;0;0;0;3;0;
0;2;9;0;3;0;
1;1;1;1;1;
2;3;4;4;4;2;
2;5;0;3;
3;2;1;3;
0;0;0;0;0;0;0;0;
0;3;3;3;3;0;0;
2;3;
0;
1;1;1;0;0;
1;2;2;0;
1;2;1;1;0;
1;1;1;2;
2;4;4;4;
4;4;4;4;
1;1;1;1;
0;0;0;0;0;0;0;0;
2;2;2;2;0;
0;0;0;0;
1;1;1;1;
0;
3;4;3;1;
1;1;1;1;1;2;
1;1;2;3;
0;
0;0;0;0;0;0;
1;1;1;1;1;1;2;
2;3;5;1;
5;2;2;0;2;2;3;1;
0;0;0;0;0;0;0;0;
2;2;2;2;0;
2;2;2;2;0;
0;0;0;
2;6;6;2;5;
7;3;5;4;
1;3;2;
1;1;1;1;1;0;
2;3;1;0;
1;1;1;2;
2;3;2;1;1;
3;4;2;
1;1;1;1;
4;0;0;0;0;0;0;
0;
13;7;6;2;
1;1;1;1;0;
0;
4;0;0;0;
1;0;0;0;0;0;0;
1;1;1;2;
3;4;4;5;3;5;
0;0;0;0;0;0;
2;2;2;2;2;0;
5;4;6;0;
0;0;0;0;0;0;
0;
2;2;1;2;
0;1;2;3;
1;3;3;3;1;
0;0;0;0;0;0;
2;2;2;2;
1;1;1;1;
1;1;2;2;1;2;1;2;0;0;
0;5;5;3;1;
1;2;2;2;0;
1;1;2;
0;0;0;0;0;0;0;0;
1;1;1;1;
0;0;3;5;
4;5;4;
0;0;0;0;0;
2;2;2;2;0;
1;1;2;
1;8;7;10;8;
1;2;1;2;2;1;
1;1;1;1;1;1;
0;1;1;1;1;1;
4;0;0;
2;2;2;2;2;1;
10;6;9;9;6;0;
2;1;1;3;
5;6;5;4;
0;0;0;0;
0;4;4;0;
7;7;7;8;
1;1;1;1;0;
2;1;1;1;3;
4;5;6;6;5;
5;4;4;6;5;5;
2;0;0;0;
1;3;1;2;
1;0;0;3;0;0;
2;7;1;2;
1;1;1;1;1;1;0;
0;1;1;1;1;1;0;
0;1;0;0;
0;
0;0;0;0;0;
1;2;1;0;1;0;0;1;
2;2;2;2;0;
6;6;4;
2;1;1;0;
0;
0;0;0;
6;6;6;5;
0;
2;2;1;1;
1;1;1;2;1;
3;2;3;4;
1;2;1;1;2;
0;1;0;0;0;0;
2;2;2;2;
1;1;1;1;1;
4;5;5;7;
1;3;4;3;
1;2;1;1;1;
4;4;3;4;
1;1;1;1;
0;0;0;0;0;0;0;
6;5;1;
1;1;0;
1;1;1;1;1;
1;1;1;1;
4;3;6;6;
3;2;2;3;
4;0;0;4;0;3;
0;3;2;4;
4;5;6;6;6;
2;2;2;1;0;0;
1;0;0;1;
0;4;0;0;0;0;0;0;0;
2;2;2;2;2;2;2;2;0;
1;1;1;1;2;0;
2;1;0;1;1;1;2;0;
1;1;1;2;
1;1;1;1;2;
3;4;2;6;
1;1;1;0;
1;2;1;1;
2;3;5;4;0;1;2;
1;1;1;2;
0;
1;1;1;1;1;1;1;
0;0;2;
8;5;3;5;1;
1;1;1;1;
3;3;4;1;
0;2;2;2;2;2;2;2;0;
2;2;2;2;
0;
1;0;0;0;
0;0;0;0;1;
1;1;1;1;1;
0;
0;9;8;8;8;
0;0;0;0;0;0;0;0;0;1;0;0;0;0;0;0;0;0;0;0;0;0;0;
0;1;1;1;1;1;
0;1;1;1;1;3;
2;0;0;0;0;
1;1;1;0;1;
1;0;0;0;0;0;0;
1;1;0;
2;4;4;2;2;2;3;2;2;2;2;2;1;
3;3;4;3;
1;0;0;0;
2;3;3;2;0;4;