200,768;200,768;
1,699,243;
366,834;364,355;364,355;424,898;
19,318;20,339;
85,102;
144,883;144,883;
99,045;
1,699,243;
258,947;1,699,243;
366,834;364,355;364,355;424,898;
253,660;253,660;
141,046;141,046;141,046;32,300;
390,526;
364,355;364,355;424,898;366,834;
0;
4,505;
101,663;101,663;101,663;101,663;
80,908;
668,222;650,917;
106,853;106,468;101,467;386,556;
115,834;263,006;69,395;274,419;
7,387;62,594;29,952;59,346;61,267;73,786;7,387;61,267;61,267;37,515;73,786;112,595;37,515;61,267;27,149;29,952;59,346;61,267;161,649;87,940;59,346;
978,441;966,640;983,405;
115,982;
390,526;
71,220;71,220;
71,220;71,220;
162,356;
43,485;
71,640;
709,222;
43,485;
1,355;
163,614;
146,958;
162,035;
4,081;
277,367;
345,776;319,265;282,528;289,749;
59,346;62,594;59,346;59,346;112,595;
424,898;74,734;74,734;
2,028;
1,699,243;
318,470;
386,556;
15,578;
263,006;274,419;146,958;115,834;254,394;
274,419;254,394;146,958;
263,006;274,419;
263,006;8,865;8,865;146,958;4,774;23,006;
978,441;966,640;983,405;
568,269;
108,330;74,800;39,018;87,720;136,573;
108,330;30,839;74,800;105,753;39,018;105,753;
163,537;
386,556;146,148;73,642;42,628;
318,470;42,858;69,569;52,045;42,858;
146,958;23,006;
162,035;
3,606,671;665,493;666,345;
16,919;19,575;14,745;12,010;28,602;56,482;978,441;19,575;
21,376;21,376;
227,960;
274,419;254,394;
220,513;54,664;54,664;54,664;
90,142;53,638;173,195;185,816;
248,578;424,898;364,355;364,355;248,578;248,578;366,834;
282,528;289,749;336,754;319,265;345,776;
279,897;
59,310;
112,507;13,178;76,355;76,355;109,791;29,132;
175,082;48,206;8,749;48,206;72,764;
277,367;
19,835;
983,405;966,640;978,441;
31,505;31,505;31,505;
263,006;
149,799;42,330;21,103;
2,122;2,122;11,128;11,912;3,171;
38,719;37,134;
33,882;33,882;18,906;69,395;33,882;33,882;
21,705;3,464;
71,789;20,324;263,613;467;
47,315;543;
62,594;42,147;41,189;3,440;42,147;41,189;3,440;
55,357;235,321;235,321;162,666;162,666;
274,419;254,394;
14,990;3,441;
336,754;123,117;9,723;
163,537;
162,035;
3,606,671;665,493;666,345;
277,367;
424,898;74,734;74,734;12,532;
978,441;966,640;983,405;
345,776;319,265;64,919;
83,731;40,446;
62,192;
19,318;20,339;189,702;190,022;
2,506;2,506;5,174;1,609;977;
263,006;
46,727;7,709;5,970;11,926;7,985;7,709;7,985;7,709;7,985;5,970;44,020;44,020;
83,663;
3,345;
106,853;106,468;101,467;
248,578;248,578;248,578;
27,801;89,254;24,358;28,037;21,140;639;27,777;
966,640;978,441;983,405;
163,537;
235,321;235,321;
709,222;
1,699,243;
40,698;24,634;79,647;24,769;40,785;
59,310;
96,888;
20,379;
211,809;
2,747;
36,858;
31,102;18,062;
59,310;
34,658;99,392;107,161;121,154;104,389;
94,776;96,339;96,339;96,386;75,519;96,339;81,357;75,519;75,519;75,519;75,519;75,519;75,519;75,519;75,519;96,339;
28,713;
31,505;31,505;31,505;
11,361;
386,556;
29,028;
141,046;141,046;141,046;
136,820;
19,835;
34,918;34,918;
336,754;123,117;
89,376;
21,705;
966,640;51,607;
19,418;16,841;19,639;4,262;16,496;16,496;
9,883;9,883;
274,419;
69,569;
146,148;
174,405;
173,195;185,816;
709,222;
345,776;319,265;289,749;336,754;282,528;
16,721;
51,650;51,650;
258,947;1,699,243;
33,358;14,939;28,529;24,024;
66,680;
175,082;
109,791;76,355;76,355;112,507;
289,768;289,768;
277,367;
21,376;21,376;
213,357;206,229;
37,888;
44,716;26,099;
3,909;2,380;1,276;
47,315;
978,441;966,640;983,405;
39,958;48,645;48,645;25,403;
3,221;3,221;
39,233;41,090;
52,045;
96,888;21,159;
75,755;
8,568;280,333;
280,333;272,009;
709,222;
64,150;
99,771;
279,897;
106,468;106,853;
263,613;
102,606;71,276;
83,731;
162,666;162,666;235,321;235,321;
23,461;
15,550;15,550;
336,754;123,117;
6,240;
44,020;46,727;44,020;
73,642;
345,776;319,265;64,919;
277,367;
37,888;6,328;
190,022;5,866;5,866;5,866;
83,663;
709,222;
5,174;
709,222;
72,880;
35,615;
4,670;
248,578;248,578;248,578;
235,321;235,321;
5,831;23,075;
85,657;
163,537;
163,614;
30,543;978,441;983,405;966,640;
47,113;
386,556;
35,096;
258,947;1,699,243;
966,640;978,441;983,405;
709,222;
66,680;
21,705;
3,345;
18,324;
366,834;2,743;
709,222;
424,898;364,355;364,355;366,834;
24,560;21,920;12,930;
279,897;
4,283;4,283;
25,414;27,868;25,414;
89,253;
26,884;
9,261;
61,267;61,267;61,267;61,267;61,267;
21,820;
8,530;8,530;38,666;8,530;38,666;
7,352;
390,526;
109,791;76,355;76,355;112,507;29,132;
289,768;289,768;
19,835;
26,989;
89,254;
213,357;7,617;
72,764;
190,022;189,702;136,282;
709,222;
37,134;38,719;
91,761;161,649;
174,405;
162,035;
104,389;99,392;107,161;121,154;
11,912;11,128;
6,116;6,116;6,116;
53,638;
277,367;
6,465;
709,222;
34,101;36,400;
34,658;121,154;
5,146;
28,602;56,482;
709,222;
165,660;161,605;152,832;
983,405;966,640;978,441;
9,937;9,937;
20,379;
390,526;
175,082;
14,990;3,441;
23,461;
709,222;
62,192;
23,075;4,966;
258,947;1,699,243;
59,310;
163,614;
966,640;978,441;983,405;
7,276;
5,575;3,098;
69,395;
163,537;
54,420;
30,944;30,944;30,944;
10,389;7,549;7,549;
289,768;289,768;
11,805;
14,916;
3,598;
966,640;51,607;
42,242;42,242;42,242;42,242;129,747;
71,789;
6,803;
31,102;
21,779;9,353;27,550;5,166;
9,883;9,883;
280,333;272,009;
289,768;289,768;
4,505;
274,419;263,006;
2,747;
163,537;
24,307;
227,960;
6,465;9,874;
1,699,243;
709,222;
3,250;3,250;
40,446;
277,367;
19,639;19,418;
66,680;
48,206;48,206;
75,755;
65,676;65,676;
115,982;
390,526;
70,217;
43,926;
44,716;
14,990;
42,147;42,147;
38,719;37,134;
15,095;
19,575;19,575;
4,505;
5,856;
29,028;
318,470;
200,768;200,768;
2,122;2,122;
272,009;
109,791;76,355;76,355;112,507;29,132;
364,355;364,355;424,898;366,834;
92,727;
8,568;280,333;
7,709;7,709;7,709;
72,880;
709,222;
345,776;
5,752;
23,752;21,400;
206,229;213,357;
258,947;1,699,243;
11,926;46,727;5,970;5,970;
3,909;
235,321;235,321;162,666;162,666;
5,831;23,075;
983,405;978,441;966,640;
190,022;136,282;189,702;75,796;
109,791;76,355;76,355;112,507;
336,754;123,117;
978,441;
28,713;
89,253;
11,961;
235,321;235,321;
102,606;
11,926;7,985;7,985;7,985;
71,220;71,220;
29,869;
6,240;
64,150;
277,367;
4,670;
62,192;
12,397;12,397;12,397;
83,663;
6,116;6,116;6,116;
62,214;
3,481;
966,640;51,607;
24,024;28,529;
65,676;65,676;
12,010;
12,296;
11,961;
9,866;
3,481;
424,898;74,734;74,734;12,532;
14,676;14,676;14,676;
709,222;
263,613;
167,828;
4,283;4,283;
61,167;67,387;
1,915;1,915;1,915;
20,245;26,515;20,245;
11,361;
8,749;
345,776;319,265;336,754;289,749;
978,441;966,640;983,405;
11,961;
83,731;
38,666;38,666;
83,663;
280,333;272,009;
248,578;248,578;248,578;
7,356;
248,578;248,578;248,578;
11,225;
71,789;
12,296;
149,799;21,103;
35,615;
2,228;
4,505;
39,958;
709,222;
364,355;364,355;424,898;366,834;
83,663;
10,389;7,549;7,549;
18,062;
11,961;
64,150;
21,779;
6,913;
336,754;123,117;9,723;
1,699,243;
42,147;42,147;3,440;62,594;3,440;
709,222;
424,898;74,734;74,734;
20,324;
11,961;
92,727;
48,645;48,645;
24,560;21,920;12,930;
75,755;
24,769;24,634;
24,358;
15,775;
277,367;
67,387;
5,236;
885;
235,321;235,321;
13,088;
345,776;319,265;336,754;289,749;
55,357;235,321;235,321;
3,481;
83,663;
40,698;40,785;
23,075;4,966;
6,094;6,094;
11,961;
758;
83,663;
69,842;
32,224;
74,107;57,842;35,220;53,178;53,178;74,107;
235,321;235,321;55,357;
71,220;71,220;
2,286;
3,822;
15,775;
71,276;102,606;
39,958;
190,022;
89,253;
2,319;
0;
12,296;
55,357;235,321;235,321;
2,256;
3,314;
83,663;
70,866;
3,221;3,221;
121,154;107,161;34,658;
467;
23,075;4,966;
27,777;639;
35,615;44,911;
650,917;668,222;
668,222;650,917;
36,388;36,388;
21,950;
83,663;
69,842;
27,754;
61,167;67,387;
83,731;40,446;
21,950;
709,222;
72,880;
7,411;
7,411;
6,744;6,744;
235,321;235,321;55,357;
8,530;8,530;8,530;
3,609;3,609;
18,168;18,168;18,168;
75,755;
966,640;51,607;
21,400;23,752;
72,880;
709,222;
709,222;
0;
264;18,062;
709,222;
1,532;
587,734;477,894;
211,809;
78,917;34,101;36,400;26,884;
279,897;
254,394;
329,621;329,621;
111,332;
20,971;20,971;
75,796;909;189,702;190,022;136,282;
587,734;477,894;
152,405;
99,771;93,824;
227,960;
3,368;12,665;10,806;3,368;6,589;
709,222;
38,719;37,134;
66,384;66,384;
709,222;
34,101;36,400;
35,220;53,178;74,107;57,842;74,107;53,178;
329,621;329,621;
5,019;
211,807;211,807;
709,222;
162,035;
279,897;
28,713;
20,971;20,971;
279,897;
163,614;
235,321;235,321;
1,699,243;
2,854;2,854;2,854;
29,028;
9,883;9,883;
10,806;
61,176;61,176;
65,369;
8,183;
23,496;
121,154;107,161;34,658;104,389;
2,380;
709,222;
709,222;
709,222;
709,222;
709,222;
5,831;23,075;
709,222;
38,666;38,666;
392,100;
668,222;
5,146;
38,666;38,666;
709,222;
31,225;31,350;
11,128;11,912;
1,699,243;
44,911;
21,376;21,376;
106,853;106,468;101,467;
189,702;190,022;75,796;
83,663;
106,853;101,467;
235,321;235,321;55,357;
277,367;
345,776;19,057;19,057;20,361;
227,960;
966,640;51,607;
14,312;14,312;
220,513;
35,615;
390,526;
54,664;54,664;54,664;220,513;
424,898;74,734;74,734;
21,119;
0;
0;
0;
110,456;
668,222;650,917;
0;
0;
8,370;
4,407;
390,526;
1,699,243;
23,866;
23,866;
23,866;
146,958;
146,958;
1,459;
390,526;
54,420;
268,751;
279,897;
6,419;
38,666;38,666;
23,547;23,547;
28,211;28,211;
29,028;
44,911;
23,006;
21,705;3,464;
190,022;
45,333;
8,865;8,865;
9,866;
24,172;
4,407;
44,911;
29,952;29,952;
3,909;
3,481;
23,075;4,966;
0;
0;
3,606,671;665,493;666,345;
3,606,671;
220,437;
390,526;
318,470;16,415;
108,647;23,007;
709,222;
4,836;4,561;5,017;3,873;15,855;
294,635;264,280;264,280;
289,768;289,768;
141,046;141,046;141,046;
70,337;
115,834;263,006;
74,800;
258,947;1,699,243;
163,537;
81,508;65,369;41,477;
390,526;
274,419;
10,182;34,342;27,772;6,292;14,451;
84,635;
47,565;
78,917;
30,352;189,702;
709,222;
189,702;
318,470;
28,374;
139,011;139,011;
28,737;
37,518;37,518;
24,357;24,357;24,357;24,357;24,357;
41,189;42,147;42,147;41,189;
978,441;983,405;966,640;
19,694;19,694;19,694;19,694;
263,006;
149,799;
8,784;8,784;8,784;8,389;8,784;8,389;8,389;8,389;
45,727;
23,075;5,542;
42,034;
16,963;
220,513;
38,874;
16,978;16,978;16,978;16,978;
100,716;
345,776;20,361;1,668;
248,578;248,578;248,578;
8,610;
345,776;64,919;
7,741;7,741;
27,777;27,801;
12,296;
160,119;
11,961;
983,405;
1,972;
190,022;75,796;
2,880;
121,154;
71,276;102,606;
48,645;48,645;
21,400;23,752;
0;
78,641;166,715;105,753;378,339;166,715;82,787;82,787;5,019;93,758;105,753;279,713;87,720;166,715;
709,222;
709,222;
709,222;
709,222;
709,222;
709,222;
9,246;24,357;24,357;24,357;9,246;155,494;97,196;10,977;97,196;10,977;24,357;24,357;
174,405;
174,405;
19,703;19,703;
3,606,671;665,493;666,345;
10,135;10,135;9,896;10,135;
709,222;
709,222;
15,880;21,182;20,700;9,313;70,866;
30,351;
3,606,671;666,345;665,493;
6,026;
1,699,243;
47,976;18,185;23,358;
12,265;
163,537;
70,217;24,307;21,410;
74,238;
3,606,671;665,493;666,345;
2,020;21,507;4,640;3,440;12,047;
709,222;
390,526;
43,917;44,831;34,430;15,743;
121,076;28,284;
709,222;
709,222;
105,753;105,753;78,641;
44,911;
709,222;
5,126;4,885;5,752;2,961;
163,537;
108,647;
220,437;
174,405;
390,526;
279,897;
42,242;129,747;42,242;42,242;42,242;
66,680;
709,222;
129,747;89,393;
19,703;19,703;
220,437;
9,246;9,246;
105,753;105,753;
709,222;
162,035;
70,337;
23,075;11,479;
167,828;
709,222;
15,855;
43,926;
14,990;
709,222;
21,534;
30,348;
162,035;
56,482;978,441;
59,310;
709,222;
9,036;
19,835;
9,874;
390,526;
32,300;
69,395;
15,035;
62,192;
173,017;173,017;173,017;
69,395;
15,211;
7,093;
709,222;
18,677;14,362;
227,960;
709,222;
24,567;24,567;160,119;24,567;24,567;
709,222;
161,649;112,595;87,940;73,786;73,786;
12,265;
162,035;
1,699,243;
274,419;
31,505;31,505;31,505;
69,395;18,906;
983,405;966,640;978,441;
36,831;112,507;109,791;48,069;39,505;
174,405;
1,699,243;
70,217;
1,699,243;
66,114;66,114;
16,415;
6,419;
121,076;
42,628;
220,513;
709,222;
23,496;
709,222;
709,222;
5,691;
709,222;
18,677;14,362;
709,222;
345,776;319,265;282,528;289,749;
69,395;33,882;33,882;33,882;33,882;
280,333;272,009;
163,537;
6,978;
43,917;
709,222;
31,102;18,062;
16,415;
23,006;4,774;
79,647;
41,189;41,189;42,147;42,147;
21,376;21,376;
174,405;
162,035;
6,932;
709,222;
24,025;
31,505;31,505;31,505;
35,615;44,911;12,796;
274,419;
23,075;11,479;
66,680;
70,337;
64,919;7,484;5,910;
6,011;
4,836;
30,352;189,702;
6,026;
11,361;
9,094;
3,345;
709,222;
709,222;
38,719;
167,828;
5,126;
48,069;16,917;16,917;
11,361;
162,035;
7,093;
23,358;
978,441;966,640;983,405;
44,831;
3,873;4,561;
2,738;2,738;2,738;
90,142;185,816;
121,076;
709,222;
129,747;89,393;
3,171;11,912;
162,035;
165,660;
14,990;
30,518;
220,513;54,664;54,664;54,664;
709,222;
4,081;
6,026;
162,035;
44,911;
30,351;
26,493;
62,192;
34,342;14,451;
174,405;
44,911;
709,222;
42,330;149,799;
27,101;256;404;
3,345;
345,776;319,265;282,528;289,749;
33,358;
2,372;
167,828;
34,430;
1,597;1,597;
6,913;
709,222;
44,911;
44,911;
709,222;
15,726;
109,791;76,355;76,355;112,507;13,178;
3,345;
40,785;40,698;
31,102;
30,351;
16,496;16,841;16,496;
3,221;3,221;
28,713;
709,222;
4,081;
345,776;319,265;64,919;
44,911;
2,208;2,153;7,315;6,413;13,735;
28,037;
709,222;
1,965;
27,149;87,940;
167,828;
709,222;
11,479;23,075;
14,939;28,529;
709,222;
279,897;
96,888;
121,076;
7,484;
61,167;67,387;
15,278;
6,819;
20,810;13,955;
7,276;
149,799;
30,518;
6,419;
8,252;
20,810;
1,064;1,064;
44,911;
149,799;
190,022;
15,855;
2,319;
6,913;
345,776;
6,116;6,116;6,116;
42,147;42,147;3,440;62,594;3,440;
66,680;
4,640;
28,713;
8,252;
6,240;
6,011;
79,647;
21,507;
5,186;
7,093;
35,615;
9,094;
7,741;7,741;
6,011;
75,755;
72,880;
2,213;1,532;
966,640;51,607;
64,150;
23,866;
11,361;
4,505;
2,228;
709,222;
23,075;11,479;
12,296;
30,352;189,702;
6,419;
6,240;
7,387;7,387;
642;
1,276;
5,542;23,075;
6,240;
12,502;
4,262;19,418;19,639;
6,419;
71,276;102,606;
167,828;
2,372;
14,939;
5,542;23,075;
5,542;23,075;
35,615;44,911;12,796;
6,419;
30,352;189,702;
8,252;
9,053;
248,578;248,578;248,578;
7,093;
109,791;76,355;76,355;112,507;
25,403;
6,011;
6,011;
23,075;4,966;
23,075;4,966;
7,741;7,741;
5,831;23,075;
5,831;23,075;
587,734;477,894;
38,666;38,666;
1,972;
5,542;23,075;
13,735;7,315;6,413;
2,153;
24,560;12,930;
2,372;
25,403;
863;863;
1,972;
9,094;
66,114;66,114;
27,101;
0;
190,022;189,702;136,282;
28,440;28,440;
61,176;61,176;
280,333;272,009;
709,222;
21,400;23,752;
71,220;71,220;
7,411;
27,754;
7,741;7,741;
121,154;107,161;34,658;
190,022;909;